# CNV pipeline calls
# Version: 3ba3c0ad741221ae39d5203b0fc304f2cc1dd599; installed on 2021-10-11 23:53:37
#Id	Chromosome	Start	End	Width	Type	fractionalCopyNumber	CopyNumber	Confidence	AlleleFreq	Mask_overlap_fract	Algorithm
17	5	19314	39244025	39224712	gain	2.64858279188501	3	1	0.324291395942503	0	Region-based
18	5	39249576	46400789	7151214	gain	2.77288799957986	3	1	0.386443999789929	0	Region-based
20	5	49709239	70107744	20398506	gain	2.66894279923532	3	1	0.33447139961766	0	Region-based
23	5	71001016	102027974	31026959	gain	2.69298255560626	3	1	0.34649127780313	0	Region-based
24	5	102029217	117809879	15780663	gain	2.60830566966746	3	1	0.304152834833732	0	Region-based
25	5	117812624	165758126	47945503	gain	2.68137306972175	3	1	0.340686534860877	0	Region-based
26	5	165758598	167129496	1370899	gain	2.47944293642981	2	0.998781957979074	0.239721468214905	0	Region-based
27	5	167144431	181472714	14328284	gain	2.63115831618387	3	1	0.315579158091936	0	Region-based
28	6	74488138	126892338	52404201	loss	1.35865192223261	1	1	0.320674038883695	0	Region-based
59	10	18514	29232644	29214131	gain	2.40642887895945	2	0.999999834407035	0.203214439479726	0	Region-based
60	10	29240078	39512270	10272193	gain	2.30799612757629	2	0.99988970268251	0.153998063788143	0	Region-based
63	10	42178604	46404297	4225694	gain	2.3894191487067	2	0.999999251821064	0.194709574353348	0	Region-based
67	10	47686678	89227971	41541294	gain	2.38308556444658	2	0.999998881280097	0.191542782223292	0	Region-based
68	10	89233462	90483603	1250142	gain	2.61670696118833	3	0.999999999999449	0.308353480594164	0	Region-based
69	10	90484223	98844380	8360158	gain	2.4008824194281	2	0.999999910058292	0.200441209714048	0	Region-based
71	10	101275106	132148913	30873808	gain	2.38673825893325	2	0.999999542826147	0.193369129466623	0	Region-based
116	20	32821561	61861320	29039760	gain	2.29018380982923	2	0.999861791814386	0.145091904914616	0	Region-based
132	21	12406577	43121077	30714501	gain	2.33633503496644	2	0.999998150607355	0.168167517483219	0	Region-based
