# CNV pipeline calls
# Version: 3ba3c0ad741221ae39d5203b0fc304f2cc1dd599; installed on 2021-10-11 23:53:37
#Id	Chromosome	Start	End	Width	Type	fractionalCopyNumber	CopyNumber	Confidence	AlleleFreq	Mask_overlap_fract	Algorithm
1	1	14453	532773	518321	loss_masked	0.0212751266999818	0	0	0.989362436650009	1	Region-based
3	1	121734676	124168495	2433820	loss_masked	0	0	0	1	1	Region-based
6	1	143278152	144250959	972808	gain_masked	2.19377942128194	2	0	0.0968897106409714	0.617657973267051	Region-based
9	1	198027471	198771927	744457	gain	2.25789329976897	2	0	0.128946649884484	0	Region-based
10	2	15924	1358431	1342508	loss	1.85433952100195	2	0	0.0728302394990267	0.372437536638543	Region-based
13	2	92426711	93877125	1450415	loss_masked	0.0472780593332929	0	0	0.976360970333354	1	Region-based
15	3	90626451	91532638	906188	loss_masked	1.54126473426535	2	0	0.229367632867325	0.768577567323301	Region-based
16	4	1303088	1831985	528898	loss_masked	1.0897592676324	1	0	0.455120366183799	1	Region-based
19	5	46421476	49668515	3247040	loss_masked	0	0	0	1	0.954925395106126	Region-based
21	5	69946452	70821512	875061	loss_masked	1.66418768853191	2	0	0.167906155734045	0.971175086479883	Region-based
23	6	59282244	60288642	1006399	loss_masked	1.16776806553234	1	0	0.416115967233832	0.961109819375635	Region-based
25	7	10487	613368	602882	loss_masked	1.22450173673229	1	0	0.387749131633857	1	Region-based
26	7	19631207	20508906	877700	gain	2.20749263422854	2	0	0.103746317114268	0	Region-based
27	7	58079155	60650992	2571838	loss_masked	0	0	0	1	0.552966226086645	Region-based
32	7	97029959	98234945	1204987	loss	1.84825308243013	2	0	0.0758734587849357	0	Region-based
40	8	142553581	145076125	2522545	loss_masked	1.7967571676538	2	0	0.101621416173101	0.746711851210524	Region-based
42	9	40247693	43279152	3031460	gain_masked	2.24570781833141	2	0	0.122853909165707	0.463927765475304	Region-based
43	9	43289106	60867228	17578123	loss_masked	0.0567336711999515	0	0	0.971633164400024	1	Region-based
45	9	61285530	62144828	859299	loss_masked	1.01175046973247	1	0	0.494124765133766	0.899747293868196	Region-based
46	9	62146780	62954529	807750	loss_masked	0.690259666266077	1	0	0.654870166866962	1	Region-based
48	9	63490126	64134668	644543	loss	1.35688030286551	1	0	0.321559848567247	0.389974113381373	Region-based
49	9	64186126	64960054	773929	loss_masked	1.50817009273204	2	0	0.245914953633978	1	Region-based
52	9	110896546	111773688	877143	gain	2.21825533973226	2	0	0.10912766986613	0	Region-based
53	9	136344539	138334464	1989926	loss_masked	1.31433004946554	1	0	0.342834975267228	0.860745505483875	Region-based
54	10	14723132	15346001	622870	loss	1.75214867358484	2	0	0.12392566320758	0	Region-based
58	10	132151855	133785266	1633412	loss_masked	1.46089203339875	1	0	0.269553983300624	0.978296950369503	Region-based
61	11	51099660	53138954	2039295	loss_masked	0	0	0	1	1	Region-based
66	12	34834648	37251363	2416716	loss_masked	0.00472780593332929	0	0	0.997636097033335	1	Region-based
68	13	16004725	17418138	1413414	loss_masked	0.080372700866598	0	0	0.959813649566701	1	Region-based
70	13	113070938	114352102	1281165	loss_masked	1.29541882573223	1	0	0.352290587133887	1	Region-based
71	14	16004725	17540412	1535688	loss_masked	0	0	0	1	1	Region-based
73	14	18235145	18881340	646196	gain_masked	2.20315756493145	2	0	0.101578782465725	0.931105935514821	Region-based
74	14	18884995	19879755	994761	gain_masked	3.59591090874769	4	0	0.797955454373847	1	Region-based
75	14	21916717	22422983	506267	gain	2.46180457960093	2	0	0.230902289800466	0	Region-based
80	15	17050953	18979695	1928743	loss_masked	0	0	0	1	1	Region-based
81	15	19024883	20084499	1059617	loss_masked	1.82145284848287	2	0	0.0892735757585635	0.840013740826866	Region-based
82	15	20085362	21772529	1687168	loss_masked	1.49330579873183	1	0	0.253347100634083	1	Region-based
87	16	14134	875506	861373	loss_masked	1.60811063113686	2	0	0.195944684431568	1	Region-based
89	16	34343022	36165393	1822372	loss_masked	1.8381370362627	2	0	0.0809314818686477	0.482470912893149	Region-based
94	17	392403	925191	532789	loss_masked	1.84110556992104	2	0	0.0794472150394812	0.564575403349925	Region-based
96	17	25919736	26677670	757935	loss_masked	0.0945561186665858	0	0	0.952721940666707	1	Region-based
100	18	15486705	20576802	5090098	loss_masked	0	0	0	1	1	Region-based
102	19	61294	573542	512249	gain_masked	6.01376914719486	6	0	2.00688457359743	1	Region-based
103	19	24499964	26573937	2073974	loss_masked	0.00472780593332929	0	0	0.997636097033335	1	Region-based
108	20	28874356	29888492	1014137	loss_masked	1.64764036776526	2	0	0.176179816117371	0.534093060496817	Region-based
109	20	29902660	30989588	1086929	loss_masked	1.66891549446524	2	0	0.16554225276738	0.533246912398981	Region-based
110	20	62988396	64333718	1345323	loss_masked	1.13467342399903	1	0	0.432663288000485	0.938244524359224	Region-based
119	21	7744575	8700669	956095	loss_masked	1.79029726392369	2	0	0.104851368038153	1	Region-based
121	21	9252125	10077232	825108	gain_masked	5.37078754026208	5	0	1.68539377013104	0.697298653386773	Region-based
122	21	10079015	10886202	807188	gain_masked	3.79642816446342	4	0	0.898214082231711	0.936488075253938	Region-based
123	21	11000793	12282698	1281906	loss_masked	0.00945561186665858	0	0	0.995272194066671	1	Region-based
128	22	11720103	12225163	505061	gain_masked	2.76093326112339	3	0	0.380466630561693	1	Region-based
130	22	12695958	14421208	1725251	loss_masked	0	0	0	1	1	Region-based
131	22	14545087	15507055	961969	loss_masked	1.28123540793224	1	0	0.359382296033881	0.811507243484191	Region-based
135	22	48444310	49425700	981391	loss_masked	1.79038023388971	2	0	0.104809883055143	0.844505242564118	Region-based
139	23	571998	2642538	2070541	gain_masked	1.37812731766269	1	0	0.378127317662693	1	Region-based
140	23	10854161	12225225	1371065	gain	1.07689117327301	1	0	0.0768911732730093	0	Region-based
141	23	28523939	29188554	664616	loss	0.899892731833644	1	0	0.100107268166356	0	Region-based
142	23	58805082	62485154	3680073	loss_masked	0	0	0	1	1	Region-based
144	24	11554	2464217	2452664	loss_masked	0	0	0	1	0.743525710625553	Region-based
147	24	9544703	10240046	695344	loss_masked	0.891370912497376	1	0	0.108629087502624	0.922935930227291	Region-based
148	24	10690271	11286065	595795	gain_masked	2.340263936998	2	0	1.340263936998	1	Region-based
151	24	26574528	56944754	30370227	loss_masked	0.774222046015092	1	0	0.225777953984908	1	Region-based
